c s2M N T mean(L) std(L)
0.1 0.1 1000 10000 0.0 0.0 0.4166 0.0001
0.1 0.1 1000 10000 0.0 0.1 0.3834 0.0003
0.1 0.1 1000 10000 0.0 0.2 0.3422 0.0003
0.1 0.1 1000 10000 0.0 0.3 0.2932 0.0002
0.1 0.1 1000 10000 0.0 0.4 0.2356 0.0003
0.1 0.1 1000 10000 0.0 0.5 0.1695 0.0004
0.1 0.1 1000 10000 0.5 0.0 0.5465 0.0001
0.1 0.1 1000 10000 0.5 0.1 0.5099 0.0001
0.1 0.1 1000 10000 0.5 0.2 0.4577 0.0002
0.1 0.1 1000 10000 0.5 0.3 0.3803 0.0004
0.1 0.1 1000 10000 0.5 0.4 0.2638 0.0005
0.1 0.1 1000 10000 0.5 0.5 0.0888 0.0006
