0.0 -0.08403471253014068  2.1903397923647087e-5
0.02 -0.10150596252858524  5.644689919142875e-5
0.04 -0.1538822608956193  9.825625836434031e-5
0.06 -0.24111878672899376  0.00015122730798895428
0.08 -0.36328657018732224  0.00021095005599085882
0.1 -0.5211015266668256  0.00040531343578109944
0.12 -0.7147217182825523  0.00046773370228240683
0.14 -0.9446659126572553  0.0006346194112629665
0.16 -1.2117465048241451  0.0008764756211197914
0.18 -1.5141263961458167  0.0010242277198800143
0.2 -1.8622585807263454  0.0014299291348580368
